%%myCOLORS define colors
green = [0 1 0]; %0 .6 .2
red = [1 0 0];
purple = [.5 .5 .9];
yellow = [.9 .9 0];
blue = [0 0 1];

greenCBpale = [102 194 165]/256;
redCBpale   = [252  141 98]/256;

greenCB = [27 158 119]/256;
redCB = [217 95 2]/256;
